m  = [221; 52];
u1 = [11; 23];
u2 = [21; 17];

S = [2 -2; -1 1];

mu1 = m + S*u1

mu2 = m + S*u2
