m = zeros(3)
m(1,2) = 1
m(2,3)=1
m(3,1)=1
m(3,2)=1
m = [0 1 0; 0 0 1; 1 1 0]



n = zeros(4)
n(1,2) = 1, n(2,3) = 1, n(2,4) = 1
